1115874 1118076
1115874 1118076
1118108 1118076
1118109 1118076
1118109 1118076
1118108 1118076
1118109 1118108
1118109 1118108
1118118 1118108
1118118 1118108
1115874 1118109
1115874 1118109
1118116 1118109
1118116 1118109
1115875 1115874
1115875 1115874
1115876 1115875
1118116 1115875
1118117 1115875
1115876 1115875
1118116 1115875
1118117 1115875
1118117 1118116
1118118 1118116
1118117 1118116
1118118 1118116
1118117 1118118
1118117 1118118
1118123 1118118
1118123 1118118
1118127 1118123
1118122 1118123
1118127 1118123
1118136 1118123
1118122 1118123
1118136 1118123
1118132 1118122
1118136 1118122
1118132 1118122
1118136 1118122
1118127 1118136
1118132 1118136
1118127 1118136
1118132 1118136
1118130 1118132
1118127 1118132
1118127 1118132
1118130 1118132
1115882 1118130
1118128 1118130
1115882 1118130
1118128 1118130
1118131 1118130
1118131 1118130
1118129 1118131
1118135 1118131
1118129 1118131
1118135 1118131
1115937 1118135
1118129 1118135
1115937 1118135
1118129 1118135
1118128 1118129
1115937 1118129
1115937 1118129
1118128 1118129
1115883 1115937
1115883 1115937
1115882 1118128
1115883 1118128
1115882 1118128
1115883 1118128
1115884 1115883
1115882 1115883
1115882 1115883
1115884 1115883
1115877 1115884
1115938 1115884
1115885 1115884
1115877 1115884
1115885 1115884
1115938 1115884
1115876 1115877
1115938 1115877
1115876 1115877
1115938 1115877
1115876 1115938
1115876 1115938
1115885 1115938
1115885 1115938
1115885 1115876
1115885 1115876
1118117 1115885
1115882 1115885
1118117 1115885
1118126 1115885
1115882 1115885
1118126 1115885
1118126 1115882
1118127 1115882
1118126 1115882
1118127 1115882
1118117 1118127
1118126 1118127
1118117 1118127
1118126 1118127
1118117 1118126
1118117 1118126
501277 501278
501299 501278
501307 501278
501277 501278
501307 501278
501299 501278
501307 501299
501307 501299
502614 501299
502614 501299
502651 502614
502665 502614
502665 502614
502651 502614
502664 502651
502665 502651
502664 502651
502665 502651
502664 502665
501307 502665
501307 502665
502664 502665
501277 502664
501277 502664
501307 501277
501307 501277
502675 502891
502675 502891
502870 502891
502871 502891
502870 502891
502871 502891
502872 502870
502871 502870
502872 502870
502871 502870
502873 502871
502872 502871
502872 502871
502873 502871
502669 502872
502669 502872
502670 502669
502873 502669
502670 502669
502873 502669
502670 502873
502670 502873
502675 502873
502675 502873
502670 502675
502670 502675
1082133 1082132
1082176 1082132
1087828 1082132
1082133 1082132
1082176 1082132
1087828 1082132
1082176 1087828
1082176 1087828
1112090 1087828
1112090 1087828
1082133 1112090
1082176 1112090
1082133 1112090
1082176 1112090
1082133 1082176
1082133 1082176
484362 484364
484362 484364
484381 484364
500890 484364
484381 484364
500890 484364
484381 500890
500930 500890
484381 500890
500930 500890
484362 500930
484381 500930
484362 500930
484381 500930
484362 484381
484362 484381
473278 473279
473278 473279
474640 473279
474653 473279
474640 473279
474653 473279
474652 474640
474653 474640
474653 474640
474652 474640
474653 474652
474651 474652
474653 474652
474651 474652
474650 474653
474650 474653
474650 473278
474670 473278
474650 473278
474670 473278
474669 474670
474674 474670
474669 474670
474674 474670
474651 474650
474674 474650
474651 474650
474674 474650
474669 474674
474669 474674
474678 474674
474678 474674
474656 474651
474678 474651
474656 474651
474678 474651
474679 474678
474669 474678
474669 474678
474679 474678
474672 474669
474680 474669
474672 474669
474680 474669
474671 474672
474675 474672
474671 474672
474675 474672
474673 474671
474673 474671
474675 474671
474675 474671
474680 474675
474676 474675
474680 474675
474676 474675
474681 474680
474679 474680
474679 474680
474681 474680
471621 474679
471621 474679
474656 474679
474656 474679
474657 474656
474683 474656
474657 474656
474683 474656
471495 474657
471495 474657
474683 474657
474683 474657
471620 474683
471621 474683
471620 474683
471621 474683
471619 471621
471620 471621
471619 471621
471620 471621
471496 471620
471496 471620
471494 471495
471494 471495
471496 471495
471496 471495
471497 471494
474691 471494
471497 471494
474691 471494
474688 474691
474689 474691
474689 474691
474688 474691
471496 471497
474689 471497
471496 471497
474689 471497
471496 474689
471496 474689
474688 474689
474688 474689
471619 471496
471619 471496
474681 471619
474688 471619
474681 471619
474688 471619
474681 474688
474681 474688
474685 474688
474685 474688
474676 474681
474676 474681
474673 474676
474673 474676
474685 474676
474685 474676
474677 474685
474684 474685
474677 474685
474684 474685
473365 474684
474682 474684
473365 474684
474682 474684
473333 473365
473333 473365
474682 473365
474682 473365
473333 474682
473333 474682
474677 474682
474677 474682
473334 473333
473334 473333
474673 473334
474677 473334
474673 473334
474677 473334
474673 474677
474673 474677
473126 473121
473107 473121
473108 473121
473126 473121
473107 473121
473108 473121
473106 473107
473106 473107
473108 473107
473108 473107
473106 473108
473126 473108
473106 473108
473126 473108
473106 473126
473106 473126
476940 476939
476980 476939
477108 476939
476940 476939
476980 476939
477108 476939
476965 476980
477108 476980
477108 476980
476965 476980
476964 476965
476964 476965
477107 476965
477107 476965
476940 477108
476940 477108
477107 477108
477107 477108
477112 476940
477112 476940
476987 477112
476987 477112
477107 477112
477107 477112
476988 477107
476988 477107
468366 476988
476964 476988
476987 476988
468366 476988
476964 476988
476987 476988
468366 476987
476986 476987
468366 476987
476986 476987
468366 476986
476985 476986
468366 476986
476985 476986
468366 476985
468367 476985
468366 476985
468367 476985
468365 468367
468366 468367
468365 468367
468366 468367
468366 468365
476989 468365
468366 468365
476989 468365
476983 476989
476984 476989
476984 476989
476983 476989
476960 476983
476984 476983
476960 476983
476984 476983
468366 476984
476960 476984
468366 476984
476960 476984
468366 476960
468366 476960
476961 476960
476961 476960
468366 476961
468366 476961
476962 476961
476962 476961
468366 476962
468366 476962
476967 476962
476967 476962
468366 476967
468366 476967
476964 476967
476964 476967
468366 476964
468366 476964
1213187 1213191
1213185 1213191
1213188 1213191
1213185 1213191
1213187 1213191
1213188 1213191
1208862 1213187
1208862 1213187
1213190 1213187
1213190 1213187
1208861 1208862
1208861 1208862
1213190 1208862
1213190 1208862
1208863 1213190
1208863 1213190
1213188 1213190
1213188 1213190
1213186 1213188
1213185 1213188
1213185 1213188
1213186 1213188
1213186 1213185
1213186 1213185
1208863 1213186
1213189 1213186
1208863 1213186
1213189 1213186
1208861 1213189
1208863 1213189
1208861 1213189
1208863 1213189
1208861 1208863
1208861 1208863
875677 875774
875773 875774
875678 875774
875677 875774
875678 875774
875773 875774
875675 875773
875676 875773
875675 875773
875676 875773
875675 875676
875675 875676
875678 875676
875678 875676
875677 875678
875677 875678
875675 875677
875675 875677
638375 638386
638376 638386
638381 638386
638375 638386
638376 638386
638381 638386
638375 638381
638376 638381
638375 638381
638376 638381
638375 638376
638375 638376
576785 576788
576786 576788
576787 576788
576785 576788
576786 576788
576787 576788
576785 576787
576786 576787
576785 576787
576786 576787
576785 576786
576785 576786
549200 549205
549203 549205
549204 549205
549200 549205
549203 549205
549204 549205
549200 549204
549200 549204
549201 549204
549201 549204
549199 549200
549199 549200
549202 549199
549203 549199
549203 549199
549202 549199
549203 549202
549201 549202
549203 549202
549201 549202
549203 549201
549203 549201
483815 483818
483816 483818
483817 483818
483815 483818
483816 483818
483817 483818
483815 483817
483816 483817
483815 483817
483816 483817
483815 483816
483815 483816
283915 283918
283914 283918
283917 283918
283914 283918
283915 283918
283917 283918
283913 283917
283916 283917
283913 283917
283916 283917
283912 283916
283913 283916
283912 283916
283913 283916
283912 283913
283912 283913
283911 283912
283911 283912
283910 283911
283910 283911
283914 283911
283914 283911
283915 283914
283915 283914
283908 283915
283909 283915
283908 283915
283909 283915
283908 283909
283908 283909
283910 283909
283910 283909
283908 283910
283908 283910
