1226 2615
0 1
1 2
2 3
3 4
0 5
5 6
6 7
7 8
5 9
9 10
10 11
3 12
1 13
13 14
14 15
15 16
1 17
17 18
0 19
19 17
5 20
20 21
21 18
1 22
22 21
5 23
23 24
24 25
14 25
5 2
2 26
26 27
9 28
24 29
5 30
30 31
31 32
3 33
20 34
34 35
1 36
36 37
5 36
3 38
3 39
1 40
40 41
0 9
9 42
42 43
2 44
44 45
45 42
0 45
3 46
13 47
47 48
45 49
49 48
5 50
50 51
13 50
0 13
15 52
52 53
54 55
55 56
56 57
57 58
58 59
59 60
61 62
62 63
63 64
64 65
65 66
66 67
67 52
52 68
61 69
69 70
70 71
71 72
72 73
73 74
74 52
62 51
51 75
67 76
76 19
72 77
77 19
19 78
78 79
51 80
62 81
81 82
82 46
46 83
83 84
84 4
67 85
72 86
86 67
61 87
87 88
88 89
89 90
90 91
19 15
67 92
92 93
72 94
94 53
53 95
95 93
87 96
62 97
97 98
88 99
81 100
100 33
33 101
101 102
102 103
103 104
81 105
105 106
67 107
107 108
70 109
109 71
71 110
110 107
66 111
110 66
103 112
61 113
113 33
61 61
61 65
107 35
66 114
71 114
33 115
115 116
116 117
117 118
62 119
119 120
120 121
120 122
105 123
123 124
62 125
125 126
126 127
127 128
128 129
81 33
112 130
67 131
131 132
71 109
109 131
99 133
131 109
109 43
51 134
134 135
123 115
115 136
90 137
90 138
87 139
64 140
140 112
71 141
141 142
142 112
90 143
67 108
108 115
53 144
144 145
145 146
146 68
144 147
147 148
148 68
53 115
115 148
53 92
92 67
53 149
149 101
101 52
148 95
95 150
150 19
78 151
151 152
53 101
101 108
115 112
112 102
103 117
117 65
101 153
153 154
145 154
101 155
93 156
156 157
157 158
158 159
159 11
115 33
33 160
160 91
33 100
100 81
105 161
115 76
93 25
101 162
162 98
102 163
160 99
156 164
164 27
156 165
165 166
166 42
42 28
78 167
167 168
168 104
101 76
150 169
169 108
108 66
53 170
170 115
115 171
171 67
67 172
172 173
173 174
170 109
109 175
175 176
176 177
177 178
178 174
151 118
118 9
9 179
108 112
102 180
180 181
181 65
152 37
78 182
182 183
183 37
53 109
131 23
23 49
49 184
184 122
170 101
153 72
72 185
185 186
164 26
26 187
175 43
33 188
188 189
189 88
33 190
190 189
101 115
33 191
191 192
192 88
160 137
160 138
112 193
193 194
194 46
185 195
15 0
196 197
197 198
198 199
199 200
200 144
144 201
201 108
202 203
203 204
205 206
206 207
205 208
208 209
210 211
211 212
212 213
213 214
211 215
215 216
216 217
217 218
215 219
219 220
220 217
217 221
212 222
222 223
212 224
224 225
225 226
225 227
212 228
228 229
229 230
230 231
225 232
212 233
233 234
234 235
235 236
212 237
237 238
212 239
239 240
240 241
225 242
237 243
225 244
240 245
240 246
225 247
217 248
211 67
67 219
219 249
249 217
217 220
220 250
250 251
216 252
252 220
67 253
253 251
215 254
217 255
240 256
237 257
213 258
219 259
259 260
260 261
51 262
262 75
51 167
167 84
134 263
263 8
262 8
262 264
51 265
265 133
133 91
51 119
119 81
161 266
51 133
133 89
134 267
267 268
268 269
269 270
270 25
269 271
271 50
50 272
272 1
50 45
51 123
123 273
273 274
274 96
51 275
275 276
276 98
80 277
277 278
278 279
279 280
280 281
281 282
282 60
119 82
82 81
81 63
51 124
124 99
51 126
128 104
167 104
51 147
147 107
134 283
283 284
51 285
285 286
286 287
287 7
7 288
288 26
26 2
2 289
51 290
290 42
42 291
291 292
292 178
161 293
275 46
46 65
51 294
294 118
118 37
51 295
295 296
296 37
283 122
51 127
167 128
273 297
297 88
262 123
283 23
23 298
274 139
147 299
299 112
81 300
300 301
301 302
302 61
303 304
304 305
178 306
306 307
308 309
309 310
311 312
312 313
313 314
314 315
315 316
311 317
317 318
318 319
319 320
320 321
321 322
322 178
178 323
321 324
324 325
311 313
314 326
326 327
311 328
328 329
329 330
330 331
313 332
332 333
333 334
311 335
335 336
336 337
337 338
338 339
321 340
340 25
311 341
341 342
342 343
343 344
344 345
345 346
346 347
347 348
311 349
349 350
350 351
351 329
329 352
352 353
353 354
354 355
328 342
342 356
356 357
357 358
358 359
359 60
342 360
360 342
342 361
361 362
362 363
342 364
364 365
365 366
366 367
332 366
364 334
334 368
368 369
353 370
342 371
371 372
372 370
342 373
373 374
374 375
317 202
204 376
376 171
171 377
377 104
335 197
373 378
333 379
365 380
380 381
311 382
382 319
321 383
383 37
311 384
384 313
313 385
385 386
386 387
387 388
311 389
389 390
390 391
391 310
310 392
392 393
393 56
56 394
319 85
85 395
395 186
349 396
396 397
397 398
398 399
399 385
385 400
313 396
396 401
401 400
311 342
342 402
396 344
344 403
403 404
404 405
311 406
406 407
198 339
339 408
408 409
409 410
410 108
85 411
411 175
311 412
412 413
413 414
414 415
415 416
416 417
366 418
143 419
419 9
9 420
420 83
143 90
90 145
145 421
421 81
145 422
422 266
90 89
9 123
123 134
134 423
423 72
423 67
67 19
143 160
160 424
424 33
33 425
90 426
426 96
115 427
427 98
422 63
90 99
67 66
422 293
33 428
423 65
190 429
429 117
123 190
9 133
90 100
100 430
430 88
89 431
431 432
432 426
426 88
426 139
33 112
424 46
115 424
143 133
133 265
265 51
422 61
48 45
45 11
45 28
48 272
48 433
433 122
48 184
48 32
32 17
17 187
48 434
434 21
21 288
288 187
48 435
435 298
48 13
13 298
48 23
48 6
6 5
5 0
261 260
260 436
436 217
217 249
249 251
251 437
437 438
438 214
436 439
439 212
217 440
440 441
441 223
223 442
442 438
251 443
443 444
444 213
223 445
445 444
260 234
234 240
240 249
249 225
234 446
446 225
260 447
447 448
448 449
449 450
450 230
240 451
451 452
452 232
449 238
449 243
449 257
444 258
361 453
453 454
454 455
455 456
456 457
457 458
458 305
175 459
459 460
461 462
462 463
463 464
46 119
119 265
265 280
280 135
135 465
465 466
466 467
466 468
65 71
46 51
46 469
469 429
429 364
364 470
470 471
471 316
46 472
472 83
469 118
118 473
473 357
357 474
474 475
51 8
131 67
46 476
476 477
477 478
478 154
154 479
479 339
46 124
124 91
46 81
466 480
124 89
46 481
481 9
123 434
434 482
482 89
119 286
286 483
483 484
484 485
485 486
486 18
46 487
487 488
488 489
489 490
490 50
50 49
184 14
49 23
23 491
46 33
33 113
113 492
492 71
74 93
476 493
493 200
200 94
94 494
494 25
478 199
199 495
495 200
200 496
496 410
154 497
497 498
498 499
499 500
46 97
97 501
501 189
189 96
410 502
265 80
82 63
80 280
135 503
503 277
277 504
499 505
498 506
506 507
124 105
113 65
65 72
72 508
508 66
118 290
291 509
509 178
130 510
510 511
33 65
506 512
478 506
512 513
513 514
514 515
513 516
516 381
488 74
74 118
488 295
46 82
82 472
472 126
510 129
135 517
517 518
518 465
465 519
290 520
520 521
521 522
466 523
478 524
524 153
72 525
525 186
473 205
205 526
526 400
124 45
45 133
364 157
157 527
527 175
45 90
133 9
9 143
143 138
46 162
162 191
192 139
469 434
434 50
50 48
133 143
118 528
528 24
24 529
529 530
530 531
531 311
530 532
532 311
466 533
115 53
434 534
534 3
3 2
2 0
112 535
535 536
536 194
194 265
265 537
537 538
538 539
539 540
112 541
541 542
542 543
543 544
544 545
545 546
546 547
547 548
545 547
548 465
112 107
107 67
76 115
148 147
147 144
144 549
76 67
112 550
550 145
145 551
551 78
78 552
552 364
112 553
553 3
3 554
554 286
286 80
112 555
555 556
556 557
557 543
543 23
23 80
76 101
557 558
558 288
288 559
559 8
550 560
560 478
154 145
145 561
561 204
204 85
112 118
118 151
151 34
34 20
20 5
102 33
102 101
101 33
115 123
434 90
65 81
103 81
160 89
541 64
64 113
113 50
50 562
562 563
563 564
564 565
112 296
296 562
562 484
112 76
52 74
103 423
67 189
101 199
562 566
566 282
65 567
65 64
64 63
92 568
434 99
112 3
2 5
5 45
112 569
569 104
112 194
194 570
570 106
123 105
543 571
571 284
112 66
101 170
78 572
572 573
573 42
112 71
112 101
112 429
64 574
574 575
570 124
552 290
101 72
524 72
160 133
123 9
109 576
576 43
543 120
120 558
558 547
547 6
6 135
194 136
535 577
577 265
265 136
108 578
578 579
65 580
543 298
112 112
160 143
577 581
581 51
65 113
113 301
2 1
1 0
582 458
583 584
584 585
585 586
586 587
587 588
588 589
589 590
590 237
585 591
591 592
592 593
298 594
594 75
298 23
49 565
565 595
595 325
298 571
284 8
49 272
1 15
298 120
298 596
596 597
597 134
23 48
272 0
138 143
143 9
133 45
45 420
138 90
90 434
434 123
138 160
598 311
311 319
321 599
599 174
411 43
600 601
601 173
600 602
602 178
603 604
604 307
307 313
313 605
605 606
606 279
279 607
607 503
603 608
608 609
609 610
610 611
611 612
603 613
613 475
604 614
614 391
391 332
603 360
360 403
403 615
615 18
603 616
616 185
185 340
603 614
614 314
314 402
402 344
314 313
332 617
617 618
314 391
332 368
603 619
619 310
617 375
616 620
620 377
603 621
621 396
396 318
318 622
622 198
604 360
360 352
352 623
623 624
624 625
625 626
616 600
600 627
627 174
332 380
603 318
603 628
628 629
629 630
630 631
631 56
394 632
632 633
600 634
634 186
603 635
635 636
636 637
637 638
638 400
603 639
639 640
640 641
641 642
642 643
643 644
644 405
173 411
603 645
645 646
646 647
647 311
603 648
648 603
603 649
649 311
603 650
650 311
651 652
652 453
454 653
653 60
99 265
88 109
109 73
71 66
88 536
536 134
88 120
120 119
119 62
109 77
88 654
654 429
99 655
655 75
75 80
75 262
262 80
88 656
656 536
536 46
88 657
657 125
125 528
528 118
205 631
631 357
135 453
453 361
361 658
280 80
135 659
659 660
423 71
88 661
661 662
662 70
71 478
88 81
88 266
657 119
109 94
88 663
663 70
71 200
88 664
664 63
88 665
665 666
666 63
529 667
667 668
668 414
660 669
290 635
635 619
656 101
125 469
469 82
82 670
670 167
656 46
46 671
671 672
672 127
99 106
660 673
70 674
674 66
66 675
675 108
473 676
676 386
386 677
668 390
88 666
666 665
665 161
109 70
70 69
69 140
140 428
364 620
620 678
678 679
679 680
680 382
81 65
67 140
140 71
46 126
126 681
681 682
682 294
125 488
489 295
657 488
488 294
657 120
99 124
659 455
663 683
683 109
205 404
404 684
678 685
685 407
80 686
686 597
597 687
80 688
688 689
689 690
690 691
67 147
147 109
62 134
99 665
665 136
290 692
692 693
693 603
536 424
119 51
67 115
665 61
694 695
695 696
696 311
697 695
695 698
698 311
136 51
136 115
105 81
136 665
665 133
133 426
51 269
665 106
106 699
699 700
700 96
427 423
136 701
701 702
702 703
703 660
660 659
659 281
88 63
51 469
469 126
127 104
7 704
704 174
88 161
426 705
133 706
706 426
700 139
136 124
124 46
136 265
88 707
707 61
135 262
262 465
135 397
397 708
708 709
709 486
135 710
710 711
711 712
712 25
710 713
713 714
714 26
26 711
135 686
686 715
715 60
686 716
716 717
717 718
718 719
719 720
720 721
721 722
135 134
263 723
723 724
724 725
725 726
726 727
727 104
134 597
597 728
728 104
397 689
710 729
729 49
49 730
730 108
723 286
286 100
100 731
731 295
286 732
732 37
134 121
597 184
262 733
733 388
519 388
713 734
734 45
45 175
175 186
689 120
121 134
134 735
735 690
135 596
134 123
123 736
736 88
465 733
733 533
258 737
737 738
738 658
658 361
361 669
669 716
716 739
739 467
739 468
258 212
212 216
212 219
258 740
740 222
212 741
741 234
258 742
742 743
743 744
744 217
217 745
745 746
746 747
747 234
212 211
211 748
258 237
237 212
741 747
747 451
747 749
219 451
249 240
240 234
211 750
211 751
211 752
739 480
211 753
258 213
213 238
258 754
754 755
755 756
756 57
754 757
757 461
461 758
758 759
759 659
455 760
211 593
213 243
213 223
223 251
740 761
761 251
211 762
762 763
763 764
211 765
211 766
762 767
767 768
740 769
769 254
212 769
216 254
767 770
211 771
669 772
772 388
739 523
211 773
213 257
212 774
774 775
775 776
249 259
739 533
211 210
777 778
778 464
635 779
779 646
635 649
635 650
43 207
207 780
780 781
781 164
164 782
782 783
783 784
784 22
783 121
121 466
43 785
785 156
156 93
93 74
52 786
786 68
43 147
147 207
207 291
291 667
667 787
787 67
67 788
43 175
175 527
527 157
157 190
190 34
34 325
43 576
576 789
789 156
156 790
790 190
576 324
43 791
791 323
323 285
285 729
49 792
792 325
43 45
45 793
793 794
794 795
795 796
796 26
26 288
288 7
45 50
50 490
490 797
797 798
798 4
175 799
799 800
800 155
43 801
801 802
802 803
803 804
804 805
805 409
410 496
45 171
43 109
43 806
806 93
93 616
616 78
78 71
71 807
807 81
45 126
126 12
156 16
43 527
157 16
43 536
536 157
43 808
808 156
207 460
460 809
809 18
156 25
806 156
803 810
810 498
500 811
805 495
67 710
710 172
172 812
812 199
801 710
67 813
813 710
171 814
785 207
171 294
294 813
813 805
805 804
804 815
815 499
804 200
505 816
43 26
810 506
507 817
817 818
43 435
435 42
156 819
819 820
820 167
43 821
821 147
147 822
822 377
821 53
150 108
147 823
823 108
108 111
821 144
551 66
144 200
200 551
145 824
824 825
825 142
142 428
42 5
5 1
36 118
42 9
9 2
40 118
145 826
826 511
93 827
827 52
52 828
828 511
43 829
829 830
830 831
831 832
821 72
72 65
78 537
537 108
108 107
107 102
291 678
805 506
157 15
15 785
785 152
806 789
167 78
156 383
43 288
782 833
833 834
834 835
43 836
836 620
620 837
291 838
838 837
144 72
72 423
200 71
108 839
839 88
42 435
42 271
271 543
200 825
108 840
840 46
120 269
271 51
78 104
104 841
841 577
109 170
43 842
842 74
74 843
843 109
74 844
844 147
145 71
9 5
845 846
846 464
337 847
847 85
337 320
320 15
776 211
848 614
614 849
849 850
850 311
851 852
852 853
853 854
854 855
855 134
134 856
851 857
857 858
858 859
859 779
779 849
849 860
860 861
861 862
851 863
863 864
864 314
851 720
720 865
865 866
866 867
867 868
852 869
869 870
870 871
871 221
851 658
658 659
659 872
872 873
873 874
851 875
875 876
876 877
877 659
659 878
878 873
851 879
879 880
880 875
875 881
881 658
658 882
882 883
883 22
878 884
884 885
885 886
870 887
887 888
888 755
755 889
889 232
851 864
864 863
863 314
857 890
890 891
891 357
357 892
892 893
893 600
600 787
720 22
22 894
894 20
20 895
895 896
896 897
897 18
865 208
208 894
894 895
315 332
851 898
898 899
899 900
900 870
870 901
901 303
303 902
902 903
852 904
904 55
55 905
905 906
906 907
907 908
908 903
894 459
459 909
909 26
26 910
864 617
617 347
890 859
859 635
635 646
646 311
871 592
872 911
911 912
912 913
760 914
914 915
851 916
916 917
917 918
918 919
916 920
920 921
921 922
922 923
923 924
924 925
925 310
916 628
628 309
779 926
926 927
927 928
871 929
929 248
865 930
930 931
931 104
852 55
55 932
932 902
902 303
303 631
631 933
933 870
852 934
934 58
58 57
57 932
871 935
935 251
851 718
718 605
605 936
936 689
689 729
857 937
937 938
938 624
624 939
939 626
208 940
940 941
941 174
628 942
942 520
520 943
943 944
890 357
357 385
385 893
893 945
945 382
605 946
946 485
485 947
947 37
851 948
948 669
916 475
475 392
392 949
949 521
880 737
737 950
950 951
951 220
220 952
952 305
898 953
953 954
954 955
955 956
956 305
857 957
957 958
958 959
959 960
960 186
208 941
941 186
720 961
961 962
962 307
307 386
386 963
385 964
962 965
965 404
867 966
966 691
894 206
206 967
967 968
968 43
689 969
969 51
864 970
970 971
971 972
972 603
969 973
973 725
646 974
974 975
975 311
496 976
976 85
496 200
200 154
154 977
977 978
978 494
976 979
979 321
410 815
410 980
980 981
981 85
982 983
983 18
982 984
984 967
983 985
985 959
959 964
984 964
691 894
894 986
986 467
986 468
894 987
987 988
988 404
404 989
989 344
344 396
396 313
691 990
990 121
262 991
991 8
986 480
691 895
895 992
992 459
404 993
993 318
318 345
345 378
345 994
691 995
995 867
867 996
996 997
997 998
998 999
999 60
691 1000
1000 867
867 1001
1001 60
344 311
345 470
996 353
867 1002
1002 1003
1003 370
990 1004
1004 117
117 735
735 564
564 931
691 1004
1004 990
121 689
691 1005
1005 220
220 1006
1006 134
134 626
691 307
307 688
688 970
970 1007
1007 520
943 1008
1008 1009
895 205
205 1010
1010 967
967 147
207 178
967 957
959 178
990 946
894 1011
1011 388
1005 307
986 523
1005 1012
1012 307
307 963
1005 645
645 404
207 190
190 829
121 1013
1013 1014
1014 135
121 120
120 543
543 1012
1012 51
986 533
407 1015
1015 339
339 321
339 1016
1016 85
1015 1017
1017 320
339 980
980 815
815 101
101 1018
1018 199
407 1019
1019 385
385 892
892 357
357 371
1019 1020
1020 1021
1021 360
360 928
1017 1022
1022 204
339 198
407 339
407 1023
1023 318
319 311
311 847
847 1024
1024 1025
1025 522
318 1026
1026 1027
1027 396
396 603
339 847
107 840
257 237
237 1028
1028 1029
1029 1030
257 1031
1031 1032
1032 214
257 1033
1033 1034
1034 213
1029 1035
257 449
449 448
448 447
447 260
260 217
257 1036
1036 1037
1037 213
213 212
257 230
260 229
229 749
749 451
1029 1038
449 747
747 1039
1039 251
449 1040
1040 1041
1041 1042
1042 223
223 441
441 440
440 217
217 254
1029 1043
212 711
711 775
1034 258
257 448
405 640
640 867
405 404
684 1044
1044 615
405 993
470 364
405 1045
1045 564
404 1046
1046 1047
1047 205
940 627
405 894
894 688
688 946
405 386
386 400
400 970
405 1013
1013 1048
1048 1049
1049 691
773 211
1050 81
81 62
50 434
1050 69
94 1051
1051 92
81 97
97 46
128 511
125 434
434 469
1050 70
109 829
829 1052
50 113
1050 62
434 49
256 1053
1053 1054
1054 217
217 439
256 240
217 744
744 222
223 1055
1055 769
256 1056
1056 1057
1057 1058
1058 67
67 211
249 219
220 211
219 212
1053 229
229 260
251 1040
1040 449
1053 741
741 775
775 753
219 775
223 213
1057 1059
1059 593
217 251
1054 1060
1060 220
249 220
1057 763
1057 767
217 1061
1061 1062
1062 254
775 771
964 397
397 1063
1063 1064
1064 1065
1065 615
964 1066
1066 173
964 1048
400 1067
1067 1068
1068 867
867 1069
1069 1070
1070 467
400 386
386 1071
1071 468
400 1072
1072 349
349 788
1072 396
400 1073
1073 1074
1074 360
360 331
1071 480
400 624
624 641
641 147
147 1063
400 628
628 1075
1075 1076
1076 1077
1077 1078
1078 55
55 903
1075 54
400 1079
1079 404
404 1080
1080 1081
1081 782
782 910
910 25
396 1082
1082 336
336 345
378 347
378 1083
1083 348
994 374
374 618
624 357
371 349
349 353
355 60
358 1001
313 311
400 307
688 865
865 931
357 626
641 893
893 627
400 360
360 970
1070 523
893 634
893 1066
400 349
396 1084
1084 1085
1085 1086
1086 1087
1087 311
1071 533
187 42
40 325
187 26
26 684
684 1088
1088 11
42 1089
1089 159
42 711
712 16
22 1090
1090 1091
1091 167
1090 578
578 108
187 164
164 29
42 166
166 1092
1092 156
156 29
2 9
9 292
179 511
42 45
26 796
796 1093
1093 186
435 43
288 43
26 17
17 32
32 48
45 48
26 164
164 93
93 95
95 53
52 1094
1094 318
1095 190
190 1096
1096 1097
1097 1098
1098 1084
1084 1099
1099 369
1095 1100
1100 320
320 1101
1101 408
408 1102
1102 1103
1103 407
963 1067
963 386
963 638
963 719
719 962
962 998
719 1104
1104 353
963 688
865 564
963 1105
1105 134
134 967
1105 957
387 1106
178 186
963 400
400 385
385 1107
1107 407
963 307
307 966
1070 533
1108 1109
1109 311
1108 1110
1110 311
1108 1111
1111 311
1112 1113
1113 464
186 1093
1093 796
796 785
796 829
829 573
435 543
543 75
186 175
186 576
186 791
7 571
571 543
186 801
829 796
186 172
172 85
186 322
322 85
186 1114
1114 1115
1115 85
186 842
145 81
576 109
109 1116
1116 616
207 785
785 1117
1117 460
186 167
167 1118
1118 156
186 844
844 734
734 156
186 1119
1119 789
186 1120
1120 459
459 894
894 208
208 361
186 209
209 957
957 967
796 27
186 796
796 573
844 74
74 109
109 843
843 131
147 1121
1121 115
115 95
842 734
734 1122
1122 157
152 151
824 826
829 42
1116 827
829 1123
1123 831
108 33
186 173
173 1124
1124 667
667 291
823 35
150 35
108 35
802 1125
1125 478
829 536
156 23
23 157
207 782
782 709
709 19
19 121
791 1126
1126 1127
1127 894
796 187
209 1128
1128 172
172 985
959 893
893 964
985 982
186 829
7 6
50 271
829 109
109 1129
1129 1130
186 821
423 1131
782 1132
144 1133
170 53
144 53
1134 1135
1135 1136
1136 1137
1137 975
305 1138
1138 392
392 390
390 614
305 1139
1139 1140
1140 1141
1141 333
305 1142
1142 865
305 392
392 310
310 390
402 1083
402 347
305 455
455 454
391 368
310 391
305 659
659 1143
1143 946
946 605
305 898
898 720
720 936
936 605
305 738
305 1144
1144 1145
1145 1140
1140 1146
1146 1147
1147 522
659 658
453 51
51 736
522 1148
1148 1007
1007 970
970 357
357 962
962 1149
1149 867
867 1150
962 1071
522 1151
1151 1152
1152 1153
1153 1154
1154 1155
1155 1156
1156 905
905 1140
1148 616
616 603
603 1157
1157 1158
1158 1159
1159 331
522 1160
1160 1161
1161 1162
1162 1163
616 310
310 688
970 403
522 1164
1164 1165
1165 1166
1166 1167
1167 1168
1168 903
522 1008
1008 1169
1169 1170
1170 1171
1171 1172
1172 327
327 1083
1008 1173
1173 1167
1167 848
848 1174
1174 314
327 347
522 1175
1175 1176
1176 1177
1177 854
854 1178
1178 1179
1179 1180
1180 1181
522 1182
1182 1183
1183 1184
1184 59
522 1139
1139 1185
1185 1186
1186 1187
1187 1188
522 1189
1189 1190
1190 1185
1187 919
1170 1191
1191 1192
1192 1193
1193 368
1185 1194
1194 1148
1148 67
67 1195
1195 310
1180 1196
1183 1197
1197 1198
1198 370
522 1024
1024 847
847 311
311 202
311 197
522 1199
1199 1200
1200 944
1192 1201
1201 334
334 380
620 383
522 1202
1202 1203
1203 520
520 1007
962 387
522 1204
1204 1205
1205 1206
1206 847
847 1207
1207 1208
1208 305
970 1209
1209 400
970 688
1148 1210
1210 390
390 1211
894 1127
1127 898
953 1212
1212 737
737 954
132 131
23 155
23 156
155 101
67 814
23 1213
1213 171
156 506
132 67
67 1214
1214 1215
67 72
953 1216
1216 1217
1217 310
1106 1218
1218 1219
1219 1220
1220 962
962 916
916 474
1106 311
364 1221
1221 332
1106 1222
1222 867
867 307
1106 1223
1223 1224
1224 936
962 1225
1225 134
134 677
677 626
